109
1 2
1 3
1 4
1 5
1 6
1 7
1 8
1 9
1 10
1 11
1 73
1 108
1 109
1 20
2 3
2 12
2 57
2 101
2 102
2 103
2 104
2 105
2 109
3 12
3 13
3 4
4 13
4 14
4 5
5 14
5 15
5 6
6 15
6 16
6 7
7 16
7 17
7 8
8 17
8 18
8 9
9 18
9 19
9 10
10 19
10 20
10 11
11 20
12 21
12 13
12 57
12 58
13 14
13 21
13 22
14 22
14 23
14 15
15 23
15 24
15 16
16 24
16 25
16 17
17 25
17 26
17 18
18 26
18 27
18 19
19 27
19 28
19 20
20 28
20 73
21 22
21 29
21 58
21 59
22 29
22 30
22 23
23 30
23 31
23 24
24 31
24 32
24 25
25 32
25 33
25 26
26 33
26 34
26 27
27 34
27 35
27 28
28 35
28 72
28 73
29 30
29 36
29 59
29 60
30 31
30 36
30 37
31 32
31 37
31 38
32 33
32 38
32 39
33 34
33 39
33 40
34 35
34 40
34 41
35 41
35 71
35 72
36 37
36 60
36 61
36 42
37 38
37 42
37 43
38 39
38 43
38 44
39 40
39 44
39 45
40 41
40 45
40 46
41 46
41 70
41 71
42 43
42 47
42 61
42 62
43 44
43 47
43 48
44 45
44 48
44 49
45 46
45 49
45 50
46 50
46 69
46 70
47 48
47 51
47 62
47 63
48 49
48 51
48 52
49 50
49 52
49 53
50 53
50 68
50 69
51 52
51 54
51 63
51 64
52 53
52 54
52 55
53 55
53 67
53 68
54 55
54 56
54 64
54 65
55 56
55 66
55 67
56 65
56 66
65 66
65 64
65 74
66 74
66 67
64 63
64 74
64 75
74 67
74 75
74 76
67 76
67 68
63 62
63 75
63 77
75 76
75 77
75 78
76 68
76 78
76 79
68 79
68 69
62 61
62 77
62 80
77 78
77 80
77 81
78 79
78 81
78 82
79 69
79 82
79 83
69 83
69 70
61 60
61 80
61 84
80 81
80 84
80 85
81 82
81 85
81 86
82 83
82 86
82 87
83 70
83 87
83 88
70 88
70 71
60 59
60 84
60 89
84 85
84 89
84 90
85 86
85 90
85 91
86 87
86 91
86 92
87 88
87 92
87 93
88 71
88 93
88 94
71 94
71 72
59 58
59 89
59 95
89 90
89 95
89 96
90 91
90 96
90 97
91 92
91 97
91 98
92 93
92 98
92 99
93 94
93 99
93 100
94 72
94 100
94 73
72 73
58 57
58 95
58 101
95 96
95 101
95 102
96 97
96 102
96 103
97 98
97 103
97 104
98 99
98 104
98 105
99 100
99 105
99 106
100 73
100 106
100 107
73 107
73 108
57 101
101 102
102 103
103 104
104 105
105 106
105 109
106 107
106 109
107 108
107 109
108 109
